/**:
  ros__parameters:
    cam0:
      T_cam_imu: 
        [0.00033976, -0.64505359, 0.76413726, 0.10488177,
 		     0.99998887, 0.00381533, 0.00277613, -0.06151608,
 		     -0.00470619, 0.76412781, 0.6450477,  0.09314783,
 		     0.0,         0.0,          0.0,          1.0]
      camera_model: pinhole
      distortion_coeffs: [0.57358849, 0.1265131, -0.42235454, 0.16392455]
      distortion_model: equidistant
      intrinsics: [242.43652744, 242.76758739, 321.64257943, 212.41872327]
      resolution: [640, 400]
      timeshift_cam_imu: 0.0
    cam1:
      T_cam_imu:
        [-0.0165386, -0.640929, 0.767422, 0.104629,
   		   0.999823, -0.00368023, 0.0184734, 0.059092,
		     -0.00901586, 0.767591, 0.640877, 0.0925405,
         0.0,         0.0,      0.0,       1.0]   
      T_cn_cnm1:
        [0.999848260501922, 0.007593656133254229, -0.015677766352623586, -0.12059629864948561,
 		     -0.0075103694230495436, 0.9999574075027859, 0.005364469352456232,0.0007482873910060265,
  		   0.01571783453300385, -0.005245909533532785, 0.999862705630506, -0.0016451615970367092,
         0.0,         0.0,         0.0,             1.0]
      camera_model: pinhole
      distortion_coeffs: [0.5806636, 0.17246609, -0.51235939, 0.22040843]
      distortion_model: equidistant
      intrinsics: [242.17058547, 242.00311377, 314.99164247, 202.87690912]
      resolution: [640, 400]
      timeshift_cam_imu: 0.0
    T_imu_body:
      [1.0000, 0.0000, 0.0000, 0.0000,
      0.0000, 1.0000, 0.0000, 0.0000,
      0.0000, 0.0000, 1.0000, 0.0000,
      0.0000, 0.0000, 0.0000, 1.0000]
